19.5929
5.80334
2.65376
1.5074
0.969084
0.674614
0.496361
0.380387
0.300748
0.243719
0.20149
0.169352
0.144329
0.124467
0.108439
0.0953177
0.0844411
0.075325
0.0676089
0.0610203
0.0553497
0.0504343
0.0461457
0.0423816
0.0390599
0.036114
0.0334891
0.0311403
0.0290303
0.0271276
0.025406
0.0238432
0.0224203
0.0211211
0.0199316
0.0188399
0.0178354
0.0169092
0.0160533
0.0152607
0.0145255
0.0138421
0.0132058
0.0126124
0.0120582
0.0115397
0.0110539
0.0105981
0.01017
0.0097673
0.00938805
0.00903047
0.00869294
0.00837398
0.00807226
0.00778656
0.00751576
0.00725884
0.00701488
0.00678301
0.00656245
0.00635248
0.00615242
0.00596167
0.00577965
0.00560585
0.00543977
0.00528096
0.005129
0.00498351
0.00484412
0.0047105
0.00458234
0.00445933
0.00434121
0.00422773
0.00411863
0.00401371
0.00391274
0.00381554
0.00372191
0.00363169
0.00354471
0.00346081
0.00337986
0.00330172
0.00322626
0.00315335
0.00308289
0.00301476
0.00294887
0.00288511
0.0028234
0.00276365
0.00270578
0.0026497
0.00259535
0.00254266
0.00249155
0.00244197
0.00239385
0.00234715
0.00230179
0.00225774
0.00221494
0.00217335
0.00213292
0.0020936
0.00205536
0.00201816
0.00198197
0.00194673
0.00191243
0.00187903
0.00184649
0.00181479
0.0017839
0.00175379
0.00172444
0.00169582
0.00166791
0.00164068
0.00161411
0.00158818
0.00156287
0.00153816
0.00151404
0.00149047
0.00146745
0.00144496
0.00142299
0.00140151
0.00138051
0.00135999
0.00133991
0.00132028
0.00130108
0.00128229
0.00126391
0.00124592
0.00122831
0.00121107
0.00119419
0.00117766
0.00116147
0.00114562
0.00113008
0.00111486
0.00109995
0.00108533
0.001071
0.00105696
0.00104319
0.00102968
0.00101644
0.00100345
0.000990709
0.000978208
0.000965942
0.000953906
0.000942093
0.000930498
0.000919116
0.000907942
0.00089697
0.000886196
0.000875614
0.000865222
0.000855013
0.000844983
0.000835129
0.000825447
0.000815932
0.00080658
0.000797389
0.000788353
0.00077947
0.000770737
0.00076215
0.000753705
0.0007454
0.000737231
0.000729196
0.000721291
0.000713515
0.000705863
0.000698334
0.000690925
0.000683633
0.000676456
0.000669391
0.000662436
0.00065559
0.000648848
0.000642211
0.000635674
0.000629237
0.000622897
0.000616653
0.000610502
0.000604442
0.000598472
0.000592591
0.000586795
0.000581084
0.000575456
0.00056991
0.000564443
0.000559055
0.000553743
0.000548507
0.000543345
0.000538255
0.000533236
0.000528287
0.000523407
0.000518594
0.000513847
0.000509165
0.000504547
0.000499991
0.000495497
0.000491063
0.000486689
0.000482372
0.000478113
0.00047391
0.000469762
0.000465668
0.000461627
0.000457639
0.000453703
0.000449817
0.00044598
0.000442193
0.000438453
0.000434761
0.000431115
0.000427515
0.00042396
0.000420449
0.000416981
0.000413557
0.000410174
0.000406832
0.000403531
0.000400271
0.000397049
0.000393866
0.000390722
0.000387615
0.000384544
0.000381511
0.000378512
0.00037555
0.000372621
0.000369727
0.000366867
0.000364039
0.000361244
0.000358481
0.00035575
0.00035305
0.00035038
0.000347741
0.000345131
0.000342551
0.000339999
0.000337476
0.000334981
0.000332513
0.000330073
0.000327659
0.000325272
0.000322911
0.000320575
0.000318265
0.000315979
0.000313718
0.000311481
0.000309268
0.000307079
0.000304912
0.000302769
0.000300648
0.000298549
0.000296472
0.000294417
0.000292383
0.00029037
0.000288378
0.000286406
0.000284454
0.000282523
0.00028061
0.000278718
0.000276844
0.000274989
0.000273153
0.000271335
0.000269535
0.000267753
0.000265988
0.000264241
0.000262511
0.000260799
0.000259102
0.000257423
0.000255759
0.000254112
0.00025248
0.000250864
0.000249264
0.000247679
0.000246109
0.000244554
0.000243013
0.000241487
0.000239975
0.000238478
0.000236994
0.000235525
0.000234069
0.000232626
0.000231197
0.00022978
0.000228377
0.000226987
0.000225609
0.000224244
0.000222891
0.00022155
0.000220221
0.000218905
0.0002176
0.000216307
0.000215025
0.000213754
0.000212495
0.000211247
0.00021001
0.000208783
0.000207568
0.000206363
0.000205168
0.000203984
0.00020281
0.000201646
0.000200492
0.000199348
0.000198214
0.000197089
0.000195974
0.000194869
0.000193772
0.000192685
0.000191607
0.000190538
0.000189478
0.000188427
0.000187385
0.000186351
0.000185325
0.000184309
0.0001833
0.0001823
0.000181308
0.000180324
0.000179348
0.000178379
0.000177419
0.000176467
0.000175522
0.000174584
0.000173654
0.000172732
0.000171817
0.000170909
0.000170008
0.000169115
0.000168228
0.000167348
0.000166476
0.00016561
0.000164751
0.000163898
0.000163052
0.000162213
0.00016138
0.000160553
0.000159733
0.000158919
0.000158111
0.00015731
0.000156514
0.000155725
0.000154941
0.000154164
0.000153392
0.000152626
0.000151866
0.000151111
0.000150362
0.000149619
0.000148881
0.000148148
0.000147421
0.000146699
0.000145983
0.000145272
0.000144566
0.000143865
0.000143169
0.000142478
0.000141792
0.000141111
0.000140435
0.000139764
0.000139098
0.000138436
0.000137779
0.000137127
0.00013648
0.000135837
0.000135198
0.000134564
0.000133935
0.000133309
0.000132689
0.000132072
0.00013146
0.000130852
0.000130248
0.000129649
0.000129054
0.000128462
0.000127875
0.000127292
0.000126712
0.000126137
0.000125566
0.000124998
0.000124435
0.000123875
0.000123319
0.000122766
0.000122218
0.000121673
0.000121131
0.000120593
0.000120059
0.000119529
0.000119001
0.000118478
0.000117958
0.000117441
0.000116927
0.000116417
0.000115911
0.000115407
0.000114907
0.00011441
0.000113916
0.000113426
0.000112939
0.000112454
0.000111973
0.000111495
0.00011102
0.000110548
0.00011008
0.000109614
0.000109151
0.000108691
0.000108233
0.000107779
0.000107328
0.000106879
0.000106433
0.00010599
0.00010555
0.000105113
0.000104678
0.000104246
0.000103816
0.000103389
0.000102965
0.000102544
0.000102125
0.000101708
0.000101294
0.000100883
0.000100474
0.000100068
9.9664e-05
9.92625e-05
9.88635e-05
9.84668e-05
9.80726e-05
9.76807e-05
9.72911e-05
9.69039e-05
9.6519e-05
9.61363e-05
9.5756e-05
9.53779e-05
9.5002e-05
9.46283e-05
9.42569e-05
9.38876e-05
9.35205e-05
9.31555e-05
9.27927e-05
9.2432e-05
9.20734e-05
9.17169e-05
9.13624e-05
9.101e-05
9.06596e-05
9.03113e-05
8.99649e-05
8.96205e-05
8.92782e-05
8.89377e-05
8.85992e-05
8.82627e-05
8.7928e-05
8.75953e-05
8.72644e-05
8.69354e-05
8.66083e-05
8.6283e-05
8.59596e-05
8.56379e-05
8.53181e-05
8.5e-05
8.46837e-05
8.43692e-05
8.40565e-05
8.37454e-05
8.34361e-05
8.31285e-05
8.28226e-05
8.25184e-05
8.22159e-05
8.1915e-05
8.16157e-05
8.13182e-05
8.10222e-05
8.07278e-05
8.04351e-05
8.01439e-05
7.98543e-05
7.95663e-05
7.92798e-05
7.89949e-05
7.87115e-05
7.84296e-05
7.81493e-05
7.78704e-05
7.75931e-05
7.73172e-05
7.70428e-05
7.67698e-05
7.64983e-05
7.62282e-05
7.59596e-05
7.56923e-05
7.54265e-05
7.51621e-05
7.48991e-05
7.46374e-05
7.43771e-05
7.41182e-05
7.38606e-05
7.36044e-05
7.33495e-05
7.30959e-05
7.28436e-05
7.25927e-05
7.2343e-05
7.20946e-05
7.18475e-05
7.16016e-05
7.13571e-05
7.11137e-05
7.08716e-05
7.06308e-05
7.03912e-05
7.01527e-05
6.99155e-05
6.96795e-05
6.94447e-05
6.92111e-05
6.89787e-05
6.87474e-05
6.85173e-05
6.82883e-05
6.80605e-05
6.78338e-05
6.76083e-05
6.73838e-05
6.71605e-05
6.69383e-05
6.67172e-05
6.64972e-05
6.62783e-05
6.60604e-05
6.58437e-05
6.5628e-05
6.54133e-05
6.51997e-05
6.49872e-05
6.47757e-05
6.45652e-05
6.43557e-05
6.41473e-05
6.39399e-05
6.37334e-05
6.3528e-05
6.33236e-05
6.31201e-05
6.29177e-05
6.27162e-05
6.25156e-05
6.23161e-05
6.21174e-05
6.19198e-05
6.17231e-05
6.15273e-05
6.13324e-05
6.11385e-05
6.09454e-05
6.07533e-05
6.05621e-05
6.03718e-05
6.01824e-05
5.99939e-05
5.98063e-05
5.96196e-05
5.94337e-05
5.92487e-05
5.90645e-05
5.88812e-05
5.86988e-05
5.85172e-05
5.83365e-05
5.81566e-05
5.79775e-05
5.77992e-05
5.76218e-05
5.74452e-05
5.72694e-05
5.70944e-05
5.69202e-05
5.67468e-05
5.65741e-05
5.64023e-05
5.62313e-05
5.6061e-05
5.58915e-05
5.57228e-05
5.55548e-05
5.53876e-05
5.52211e-05
5.50554e-05
5.48905e-05
5.47263e-05
5.45628e-05
5.44e-05
5.4238e-05
5.40767e-05
5.39161e-05
5.37562e-05
5.35971e-05
5.34386e-05
5.32809e-05
5.31238e-05
5.29675e-05
5.28118e-05
5.26568e-05
5.25025e-05
5.23489e-05
5.21959e-05
5.20436e-05
5.1892e-05
5.17411e-05
5.15908e-05
5.14411e-05
5.12921e-05
5.11438e-05
5.09961e-05
5.0849e-05
5.07025e-05
5.05567e-05
5.04116e-05
5.0267e-05
5.01231e-05
4.99798e-05
4.98371e-05
4.9695e-05
4.95535e-05
4.94126e-05
4.92724e-05
4.91327e-05
4.89936e-05
4.88551e-05
4.87172e-05
4.85799e-05
4.84431e-05
4.83069e-05
4.81713e-05
4.80363e-05
4.79019e-05
4.7768e-05
4.76346e-05
4.75018e-05
4.73696e-05
4.72379e-05
4.71068e-05
4.69762e-05
4.68462e-05
4.67167e-05
4.65877e-05
4.64593e-05
4.63314e-05
4.6204e-05
4.60772e-05
4.59509e-05
4.58251e-05
4.56998e-05
4.5575e-05
4.54507e-05
4.5327e-05
4.52037e-05
4.5081e-05
4.49587e-05
4.48369e-05
4.47157e-05
4.45949e-05
4.44746e-05
4.43548e-05
4.42355e-05
4.41167e-05
4.39983e-05
4.38805e-05
4.3763e-05
4.36461e-05
4.35296e-05
4.34136e-05
4.32981e-05
4.3183e-05
4.30684e-05
4.29542e-05
4.28405e-05
4.27273e-05
4.26145e-05
4.25021e-05
4.23902e-05
4.22787e-05
4.21677e-05
4.20571e-05
4.19469e-05
4.18371e-05
4.17278e-05
4.1619e-05
4.15105e-05
4.14025e-05
4.12949e-05
4.11877e-05
4.10809e-05
4.09745e-05
4.08686e-05
4.07631e-05
4.06579e-05
4.05532e-05
4.04489e-05
4.0345e-05
4.02415e-05
4.01384e-05
4.00356e-05
3.99333e-05
3.98314e-05
3.97298e-05
3.96287e-05
3.95279e-05
3.94275e-05
3.93275e-05
3.92279e-05
3.91286e-05
3.90298e-05
3.89313e-05
3.88331e-05
3.87354e-05
3.8638e-05
3.8541e-05
3.84443e-05
3.8348e-05
3.82521e-05
3.81565e-05
3.80613e-05
3.79665e-05
3.7872e-05
3.77778e-05
3.7684e-05
3.75906e-05
3.74974e-05
3.74047e-05
3.73123e-05
3.72202e-05
3.71285e-05
3.70371e-05
3.6946e-05
3.68553e-05
3.67649e-05
3.66749e-05
3.65851e-05
3.64957e-05
3.64067e-05
3.63179e-05
3.62295e-05
3.61414e-05
3.60536e-05
3.59662e-05
3.5879e-05
3.57922e-05
3.57057e-05
3.56195e-05
3.55336e-05
3.54481e-05
3.53628e-05
3.52779e-05
3.51932e-05
3.51089e-05
3.50248e-05
3.49411e-05
3.48576e-05
3.47745e-05
3.46916e-05
3.46091e-05
3.45268e-05
3.44449e-05
3.43632e-05
3.42818e-05
3.42007e-05
3.41199e-05
3.40394e-05
3.39592e-05
3.38792e-05
3.37996e-05
3.37202e-05
3.36411e-05
3.35622e-05
3.34837e-05
3.34054e-05
3.33274e-05
3.32497e-05
3.31722e-05
3.3095e-05
3.30181e-05
3.29414e-05
3.2865e-05
3.27889e-05
3.27131e-05
3.26375e-05
3.25621e-05
3.24871e-05
3.24123e-05
3.23377e-05
3.22634e-05
3.21894e-05
3.21156e-05
3.20421e-05
3.19688e-05
3.18957e-05
3.1823e-05
3.17504e-05
3.16781e-05
3.16061e-05
3.15343e-05
3.14628e-05
3.13915e-05
3.13204e-05
3.12496e-05
3.1179e-05
3.11087e-05
3.10386e-05
3.09687e-05
3.08991e-05
3.08297e-05
3.07605e-05
3.06916e-05
3.06229e-05
3.05544e-05
3.04862e-05
3.04181e-05
3.03504e-05
3.02828e-05
3.02155e-05
3.01484e-05
3.00815e-05
3.00148e-05
2.99484e-05
2.98822e-05
2.98162e-05
2.97504e-05
2.96848e-05
2.96195e-05
2.95543e-05
2.94894e-05
2.94247e-05
2.93602e-05
2.92959e-05
2.92319e-05
2.9168e-05
2.91043e-05
2.90409e-05
2.89777e-05
2.89146e-05
2.88518e-05
2.87892e-05
2.87268e-05
2.86646e-05
2.86026e-05
2.85407e-05
2.84791e-05
2.84177e-05
2.83565e-05
2.82955e-05
2.82347e-05
2.81741e-05
2.81136e-05
2.80534e-05
2.79934e-05
2.79335e-05
2.78739e-05
2.78144e-05
2.77551e-05
2.7696e-05
2.76371e-05
2.75784e-05
2.75199e-05
2.74616e-05
2.74034e-05
2.73455e-05
2.72877e-05
2.72301e-05
2.71727e-05
2.71154e-05
2.70584e-05
2.70015e-05
2.69448e-05
2.68883e-05
2.68319e-05
2.67758e-05
2.67198e-05
2.6664e-05
2.66083e-05
2.65529e-05
2.64976e-05
2.64425e-05
2.63875e-05
2.63328e-05
2.62781e-05
2.62237e-05
2.61694e-05
2.61154e-05
2.60614e-05
2.60077e-05
2.59541e-05
2.59006e-05
2.58474e-05
2.57943e-05
2.57413e-05
2.56885e-05
2.56359e-05
2.55835e-05
2.55312e-05
2.54791e-05
2.54271e-05
2.53753e-05
2.53236e-05
2.52721e-05
2.52208e-05
2.51696e-05
2.51186e-05
2.50677e-05
2.5017e-05
2.49664e-05
2.4916e-05
2.48657e-05
2.48156e-05
2.47657e-05
2.47159e-05
2.46662e-05
2.46167e-05
2.45674e-05
2.45182e-05
2.44691e-05
2.44202e-05
2.43714e-05
2.43228e-05
2.42743e-05
2.4226e-05
2.41778e-05
2.41298e-05
2.40819e-05
2.40341e-05
2.39865e-05
2.3939e-05
2.38917e-05
2.38445e-05
2.37974e-05
2.37505e-05
2.37037e-05
2.36571e-05
2.36106e-05
2.35642e-05
2.3518e-05
2.34719e-05
2.3426e-05
2.33801e-05
2.33344e-05
2.32889e-05
2.32435e-05
2.31982e-05
2.3153e-05
2.3108e-05
2.30631e-05
2.30184e-05
2.29737e-05
2.29292e-05
2.28849e-05
2.28406e-05
2.27965e-05
2.27525e-05
2.27087e-05
2.26649e-05
2.26213e-05
2.25778e-05
2.25345e-05
2.24912e-05
2.24481e-05
2.24051e-05
2.23623e-05
2.23196e-05
2.22769e-05
2.22344e-05
2.21921e-05
2.21498e-05
2.21077e-05
2.20657e-05
2.20238e-05
2.1982e-05
2.19404e-05
2.18988e-05
2.18574e-05
2.18161e-05
2.17749e-05
2.17339e-05
2.16929e-05
2.16521e-05
2.16114e-05
2.15708e-05
2.15303e-05
2.14899e-05
2.14496e-05
2.14095e-05
2.13695e-05
2.13295e-05
2.12897e-05
2.125e-05
2.12104e-05
2.11709e-05
2.11316e-05
2.10923e-05
2.10532e-05
2.10141e-05
2.09752e-05
2.09364e-05
2.08976e-05
2.0859e-05
2.08205e-05
2.07821e-05
2.07438e-05
2.07057e-05
2.06676e-05
2.06296e-05
2.05917e-05
2.0554e-05
2.05163e-05
2.04788e-05
2.04413e-05
2.04039e-05
2.03667e-05
2.03295e-05
2.02925e-05
2.02556e-05
2.02187e-05
2.0182e-05
2.01453e-05
2.01088e-05
2.00723e-05
2.0036e-05
1.99997e-05
1.99636e-05
1.99275e-05
1.98916e-05
1.98557e-05
1.982e-05
1.97843e-05
1.97487e-05
1.97133e-05
1.96779e-05
1.96426e-05
1.96074e-05
1.95723e-05
1.95373e-05
1.95024e-05
1.94676e-05
1.94329e-05
1.93983e-05
1.93637e-05
1.93293e-05
1.9295e-05
1.92607e-05
1.92265e-05
1.91925e-05
1.91585e-05
1.91246e-05
1.90908e-05
1.90571e-05
1.90234e-05
1.89899e-05
1.89565e-05
1.89231e-05
1.88898e-05
1.88566e-05
1.88235e-05
1.87905e-05
1.87576e-05
1.87248e-05
1.8692e-05
1.86594e-05
1.86268e-05
1.85943e-05
1.85619e-05
1.85296e-05
1.84973e-05
1.84652e-05
1.84331e-05
1.84011e-05
1.83692e-05
1.83374e-05
1.83056e-05
1.8274e-05
1.82424e-05
1.82109e-05
1.81795e-05
1.81482e-05
1.81169e-05
1.80858e-05
1.80547e-05
1.80237e-05
1.79927e-05
1.79619e-05
1.79311e-05
1.79004e-05
1.78698e-05
1.78393e-05
1.78088e-05
1.77784e-05
1.77481e-05
1.77179e-05
1.76878e-05
1.76577e-05
1.76277e-05
1.75978e-05
1.7568e-05
1.75382e-05
1.75085e-05
1.74789e-05
1.74494e-05
1.74199e-05
1.73905e-05
1.73612e-05
1.73319e-05
1.73028e-05
1.72737e-05
1.72447e-05
1.72157e-05
1.71869e-05
1.71581e-05
1.71293e-05
1.71007e-05
1.70721e-05
1.70436e-05
1.70151e-05
1.69868e-05
1.69585e-05
1.69302e-05
1.69021e-05
1.6874e-05
1.6846e-05
1.6818e-05
1.67901e-05
1.67623e-05
1.67346e-05
1.67069e-05
1.66793e-05
1.66518e-05
1.66243e-05
1.65969e-05
1.65696e-05
1.65423e-05
1.65151e-05
1.6488e-05
1.64609e-05
1.64339e-05
1.6407e-05
1.63801e-05
1.63533e-05
1.63266e-05
1.62999e-05
1.62733e-05
1.62468e-05
1.62203e-05
1.61939e-05
1.61676e-05
1.61413e-05
1.61151e-05
1.60889e-05
1.60629e-05
1.60368e-05
1.60109e-05
1.5985e-05
1.59591e-05
1.59334e-05
1.59077e-05
1.5882e-05
1.58564e-05
1.58309e-05
1.58054e-05
1.578e-05
1.57547e-05
1.57294e-05
1.57042e-05
1.5679e-05
1.5654e-05
1.56289e-05
1.56039e-05
1.5579e-05
1.55542e-05
1.55294e-05
1.55046e-05
1.548e-05
1.54553e-05
1.54308e-05
1.54063e-05
1.53818e-05
1.53574e-05
1.53331e-05
1.53088e-05
1.52846e-05
1.52605e-05
1.52364e-05
1.52123e-05
1.51883e-05
1.51644e-05
1.51405e-05
1.51167e-05
1.5093e-05
1.50693e-05
1.50456e-05
1.5022e-05
1.49985e-05
1.4975e-05
1.49516e-05
1.49282e-05
1.49049e-05
1.48816e-05
1.48584e-05
1.48353e-05
1.48122e-05
1.47891e-05
1.47661e-05
1.47432e-05
1.47203e-05
1.46975e-05
1.46747e-05
1.4652e-05
1.46293e-05
1.46067e-05
1.45841e-05
1.45616e-05
1.45391e-05
1.45167e-05
1.44944e-05
1.44721e-05
1.44498e-05
1.44276e-05
1.44055e-05
1.43833e-05
1.43613e-05
1.43393e-05
1.43173e-05
1.42954e-05
1.42736e-05
1.42518e-05
1.423e-05
1.42083e-05
1.41867e-05
1.41651e-05
1.41435e-05
1.4122e-05
1.41006e-05
1.40792e-05
1.40578e-05
1.40365e-05
1.40153e-05
1.3994e-05
1.39729e-05
1.39518e-05
1.39307e-05
1.39097e-05
1.38887e-05
1.38678e-05
1.38469e-05
1.38261e-05
1.38053e-05
1.37846e-05
1.37639e-05
1.37432e-05
1.37226e-05
1.37021e-05
1.36816e-05
1.36611e-05
1.36407e-05
1.36203e-05
1.36e-05
1.35797e-05
1.35595e-05
1.35393e-05
1.35192e-05
1.34991e-05
1.3479e-05
1.3459e-05
1.34391e-05
1.34191e-05
1.33993e-05
1.33794e-05
1.33597e-05
1.33399e-05
1.33202e-05
1.33006e-05
1.3281e-05
1.32614e-05
1.32419e-05
1.32224e-05
1.3203e-05
1.31836e-05
1.31642e-05
1.31449e-05
1.31256e-05
1.31064e-05
1.30872e-05
1.30681e-05
1.3049e-05
1.30299e-05
1.30109e-05
1.29919e-05
1.2973e-05
1.29541e-05
1.29353e-05
1.29165e-05
1.28977e-05
1.2879e-05
1.28603e-05
1.28416e-05
1.2823e-05
1.28045e-05
1.27859e-05
1.27675e-05
1.2749e-05
1.27306e-05
1.27122e-05
1.26939e-05
1.26756e-05
1.26574e-05
1.26392e-05
1.2621e-05
1.26029e-05
1.25848e-05
1.25668e-05
1.25487e-05
1.25308e-05
1.25128e-05
1.24949e-05
1.24771e-05
1.24593e-05
1.24415e-05
1.24238e-05
1.2406e-05
1.23884e-05
1.23708e-05
1.23532e-05
1.23356e-05
1.23181e-05
1.23006e-05
1.22832e-05
1.22658e-05
1.22484e-05
1.22311e-05
1.22138e-05
1.21965e-05
1.21793e-05
1.21621e-05
1.2145e-05
1.21279e-05
1.21108e-05
1.20937e-05
1.20767e-05
1.20598e-05
1.20428e-05
1.20259e-05
1.20091e-05
1.19923e-05
1.19755e-05
1.19587e-05
1.1942e-05
1.19253e-05
1.19087e-05
1.1892e-05
1.18755e-05
1.18589e-05
1.18424e-05
1.18259e-05
1.18095e-05
1.17931e-05
1.17767e-05
1.17604e-05
1.17441e-05
1.17278e-05
1.17116e-05
1.16953e-05
1.16792e-05
1.1663e-05
1.16469e-05
1.16309e-05
1.16148e-05
1.15988e-05
1.15829e-05
1.15669e-05
1.1551e-05
1.15351e-05
1.15193e-05
1.15035e-05
1.14877e-05
1.1472e-05
1.14563e-05
1.14406e-05
1.14249e-05
1.14093e-05
1.13938e-05
1.13782e-05
1.13627e-05
1.13472e-05
1.13317e-05
1.13163e-05
1.13009e-05
1.12856e-05
1.12702e-05
1.12549e-05
1.12397e-05
1.12244e-05
1.12092e-05
1.11941e-05
1.11789e-05
1.11638e-05
1.11487e-05
1.11337e-05
1.11187e-05
1.11037e-05
1.10887e-05
1.10738e-05
1.10589e-05
1.1044e-05
1.10292e-05
1.10144e-05
1.09996e-05
1.09848e-05
1.09701e-05
1.09554e-05
1.09408e-05
1.09261e-05
1.09115e-05
1.0897e-05
1.08824e-05
1.08679e-05
1.08534e-05
1.0839e-05
1.08245e-05
1.08101e-05
1.07958e-05
1.07814e-05
1.07671e-05
1.07528e-05
1.07386e-05
1.07243e-05
1.07101e-05
1.0696e-05
1.06818e-05
1.06677e-05
1.06536e-05
1.06396e-05
1.06255e-05
1.06115e-05
1.05975e-05
1.05836e-05
1.05697e-05
1.05558e-05
1.05419e-05
1.05281e-05
1.05143e-05
1.05005e-05
1.04867e-05
1.0473e-05
1.04593e-05
1.04456e-05
1.0432e-05
1.04183e-05
1.04047e-05
1.03912e-05
1.03776e-05
1.03641e-05
1.03506e-05
1.03372e-05
1.03237e-05
1.03103e-05
1.02969e-05
1.02836e-05
1.02702e-05
1.02569e-05
1.02436e-05
1.02304e-05
1.02172e-05
1.02039e-05
1.01908e-05
1.01776e-05
1.01645e-05
1.01514e-05
1.01383e-05
1.01253e-05
1.01122e-05
1.00992e-05
1.00862e-05
1.00733e-05
1.00604e-05
1.00475e-05
1.00346e-05
1.00217e-05
1.00089e-05
9.99611e-06
9.98333e-06
9.97057e-06
9.95785e-06
9.94514e-06
9.93246e-06
9.9198e-06
9.90717e-06
9.89456e-06
9.88198e-06
9.86942e-06
9.85688e-06
9.84437e-06
9.83188e-06
9.81941e-06
9.80697e-06
9.79455e-06
9.78216e-06
9.76979e-06
9.75744e-06
9.74512e-06
9.73282e-06
9.72054e-06
9.70828e-06
9.69605e-06
9.68385e-06
9.67166e-06
9.6595e-06
9.64736e-06
9.63525e-06
9.62315e-06
9.61108e-06
9.59903e-06
9.58701e-06
9.57501e-06
9.56303e-06
9.55107e-06
9.53913e-06
9.52722e-06
9.51533e-06
9.50346e-06
9.49162e-06
9.47979e-06
9.46799e-06
9.45621e-06
9.44445e-06
9.43272e-06
9.421e-06
9.40931e-06
9.39764e-06
9.38599e-06
9.37436e-06
9.36276e-06
9.35117e-06
9.33961e-06
9.32807e-06
9.31655e-06
9.30505e-06
9.29358e-06
9.28212e-06
9.27069e-06
9.25927e-06
9.24788e-06
9.23651e-06
9.22516e-06
9.21383e-06
9.20252e-06
9.19123e-06
9.17996e-06
9.16872e-06
9.15749e-06
9.14629e-06
9.1351e-06
9.12394e-06
9.11279e-06
9.10167e-06
9.09057e-06
9.07948e-06
9.06842e-06
9.05738e-06
9.04636e-06
9.03536e-06
9.02437e-06
9.01341e-06
9.00247e-06
8.99155e-06
8.98065e-06
8.96976e-06
8.9589e-06
8.94806e-06
8.93723e-06
8.92643e-06
8.91565e-06
8.90488e-06
8.89414e-06
8.88341e-06
8.87271e-06
8.86202e-06
8.85135e-06
8.8407e-06
8.83007e-06
8.81947e-06
8.80887e-06
8.7983e-06
8.78775e-06
8.77722e-06
8.7667e-06
8.75621e-06
8.74573e-06
8.73527e-06
8.72483e-06
8.71441e-06
8.70401e-06
8.69362e-06
8.68326e-06
8.67291e-06
8.66258e-06
8.65228e-06
8.64198e-06
8.63171e-06
8.62146e-06
8.61122e-06
8.601e-06
8.5908e-06
8.58062e-06
8.57046e-06
8.56031e-06
8.55018e-06
8.54007e-06
8.52998e-06
8.51991e-06
8.50985e-06
8.49982e-06
8.48979e-06
8.47979e-06
8.46981e-06
8.45984e-06
8.44989e-06
8.43996e-06
8.43004e-06
8.42015e-06
8.41027e-06
8.4004e-06
8.39056e-06
8.38073e-06
8.37092e-06
8.36113e-06
8.35135e-06
8.34159e-06
8.33185e-06
8.32212e-06
8.31242e-06
8.30272e-06
8.29305e-06
8.28339e-06
8.27375e-06
8.26413e-06
8.25452e-06
8.24493e-06
8.23536e-06
8.2258e-06
8.21626e-06
8.20674e-06
8.19723e-06
8.18774e-06
8.17827e-06
8.16881e-06
8.15937e-06
8.14995e-06
8.14054e-06
8.13115e-06
8.12177e-06
8.11241e-06
8.10307e-06
8.09374e-06
8.08443e-06
8.07513e-06
8.06585e-06
8.05659e-06
8.04734e-06
8.03811e-06
8.0289e-06
8.0197e-06
8.01051e-06
8.00135e-06
7.99219e-06
7.98306e-06
7.97394e-06
7.96483e-06
7.95574e-06
7.94667e-06
7.93761e-06
7.92857e-06
7.91954e-06
7.91053e-06
7.90153e-06
7.89255e-06
7.88358e-06
7.87463e-06
7.86569e-06
7.85677e-06
7.84787e-06
7.83898e-06
7.8301e-06
7.82124e-06
7.8124e-06
7.80357e-06
7.79475e-06
7.78595e-06
7.77717e-06
7.7684e-06
7.75964e-06
7.7509e-06
7.74217e-06
7.73346e-06
7.72477e-06
7.71608e-06
7.70742e-06
7.69877e-06
7.69013e-06
7.6815e-06
7.67289e-06
7.6643e-06
7.65572e-06
7.64715e-06
7.6386e-06
7.63006e-06
7.62154e-06
7.61303e-06
7.60454e-06
7.59606e-06
7.58759e-06
7.57914e-06
7.5707e-06
7.56228e-06
7.55387e-06
7.54547e-06
7.53709e-06
7.52873e-06
7.52037e-06
7.51203e-06
7.50371e-06
7.49539e-06
7.4871e-06
7.47881e-06
7.47054e-06
7.46228e-06
7.45404e-06
7.44581e-06
7.43759e-06
7.42939e-06
7.4212e-06
7.41303e-06
7.40487e-06
7.39672e-06
7.38858e-06
7.38046e-06
7.37235e-06
7.36426e-06
7.35618e-06
7.34811e-06
7.34005e-06
7.33201e-06
7.32398e-06
7.31597e-06
7.30797e-06
7.29998e-06
7.292e-06
7.28404e-06
7.27609e-06
7.26815e-06
7.26023e-06
7.25232e-06
7.24442e-06
7.23653e-06
7.22866e-06
7.2208e-06
7.21296e-06
7.20512e-06
7.1973e-06
7.18949e-06
7.1817e-06
7.17391e-06
7.16614e-06
7.15839e-06
7.15064e-06
7.14291e-06
7.13519e-06
7.12748e-06
7.11979e-06
7.1121e-06
7.10443e-06
7.09678e-06
7.08913e-06
7.0815e-06
7.07388e-06
7.06627e-06
7.05867e-06
7.05109e-06
7.04352e-06
7.03596e-06
7.02841e-06
7.02087e-06
7.01335e-06
7.00584e-06
6.99834e-06
6.99085e-06
6.98338e-06
6.97592e-06
6.96847e-06
6.96103e-06
6.9536e-06
6.94619e-06
6.93878e-06
6.93139e-06
6.92401e-06
6.91664e-06
6.90929e-06
6.90194e-06
6.89461e-06
6.88729e-06
6.87998e-06
6.87268e-06
6.86539e-06
6.85812e-06
6.85086e-06
6.84361e-06
6.83637e-06
6.82914e-06
6.82192e-06
6.81471e-06
6.80752e-06
6.80034e-06
6.79317e-06
6.78601e-06
6.77886e-06
6.77172e-06
6.76459e-06
6.75748e-06
6.75037e-06
6.74328e-06
6.7362e-06
6.72913e-06
6.72207e-06
6.71502e-06
6.70799e-06
6.70096e-06
6.69395e-06
6.68694e-06
6.67995e-06
6.67297e-06
6.666e-06
6.65904e-06
6.65209e-06
6.64515e-06
6.63822e-06
6.6313e-06
6.6244e-06
6.6175e-06
6.61062e-06
6.60375e-06
6.59688e-06
6.59003e-06
6.58319e-06
6.57636e-06
6.56954e-06
6.56273e-06
6.55593e-06
6.54914e-06
6.54236e-06
6.5356e-06
6.52884e-06
6.52209e-06
6.51536e-06
6.50863e-06
6.50192e-06
6.49521e-06
6.48852e-06
6.48183e-06
6.47516e-06
6.4685e-06
6.46184e-06
6.4552e-06
6.44857e-06
6.44194e-06
6.43533e-06
6.42873e-06
6.42214e-06
6.41556e-06
6.40899e-06
6.40242e-06
6.39587e-06
6.38933e-06
6.3828e-06
6.37628e-06
6.36977e-06
6.36327e-06
6.35677e-06
6.35029e-06
6.34382e-06
6.33736e-06
6.33091e-06
6.32446e-06
6.31803e-06
6.31161e-06
6.3052e-06
6.29879e-06
6.2924e-06
6.28602e-06
6.27964e-06
6.27328e-06
6.26693e-06
6.26058e-06
6.25425e-06
6.24792e-06
6.24161e-06
6.2353e-06
6.229e-06
6.22272e-06
6.21644e-06
6.21017e-06
6.20391e-06
6.19766e-06
6.19142e-06
6.18519e-06
6.17897e-06
6.17276e-06
6.16656e-06
6.16036e-06
6.15418e-06
6.14801e-06
6.14184e-06
6.13569e-06
6.12954e-06
6.1234e-06
6.11727e-06
6.11115e-06
6.10505e-06
